"ticker","year","GHG","n"
"ABT",2017,117778,13
"ABT",2012,211857,13
"ABT",2018,114188,13
"ABT",2019,113543,13
"ABT",2013,145452,13
"ABT",2015,137004,13
"ABT",2014,147317,13
"ABT",2011,241152,13
"ABT",2022,138440,13
"ABT",2020,111891,13
"ABT",2010,271109,13
"ABT",2016,138160,13
"ABT",2021,135898,13
"ADM",2018,12341044,13
"ADM",2019,12388843,13
"ADM",2016,12150317,13
"ADM",2021,11235812,13
"ADM",2010,4762080,13
"ADM",2017,12381362,13
"ADM",2011,10641461,13
"ADM",2020,11271636,13
"ADM",2012,10755004,13
"ADM",2022,11371897,13
"ADM",2014,10545211,13
"ADM",2013,10306133,13
"ADM",2015,12573189,13
"AEE",2010,58893386,13
"AEE",2021,28088793,13
"AEE",2015,28453791,13
"AEE",2020,25861847,13
"AEE",2022,24863598,13
"AEE",2016,26712470,13
"AEE",2017,30114578,13
"AEE",2014,30577916,13
"AEE",2011,59901832,13
"AEE",2019,24314882,13
"AEE",2018,29503097,13
"AEE",2012,48393426,13
"AEE",2013,30394280,13
"AEP",2011,130953378.28738,13
"AEP",2018,68398478.00717,13
"AEP",2010,2271736.128,13
"AEP",2020,54382474.17485,13
"AEP",2019,70021201.59257,13
"AEP",2013,110654692.5318,13
"AEP",2012,117231316.22775,13
"AEP",2021,62963172.8792,13
"AEP",2015,99819972.0469,13
"AEP",2016,91666059.38786,13
"AEP",2022,58677513.2008,13
"AEP",2017,69663175.54479,13
"AEP",2014,120764768.27537,13
"AES",2015,28744261.91,13
"AES",2012,6920215,13
"AES",2021,19500128,13
"AES",2016,27788460.11,13
"AES",2010,14710573,13
"AES",2014,12898650.82,13
"AES",2019,19586034.5,13
"AES",2018,21093084.06,13
"AES",2013,6791516,13
"AES",2020,16746029,13
"AES",2011,8801322,13
"AES",2022,19517551,13
"AES",2017,24767688.15,13
"ALB",2014,277006,13
"ALB",2022,236979,13
"ALB",2017,237791,13
"ALB",2018,239551,13
"ALB",2021,230764,13
"ALB",2011,325136,13
"ALB",2013,298212,13
"ALB",2010,272861,13
"ALB",2015,261045,13
"ALB",2019,242638,13
"ALB",2012,311311,13
"ALB",2016,232909,13
"ALB",2020,238652,13
"ALEX",2019,79260.2,13
"ALEX",2018,46984,13
"ALEX",2022,67331.4,13
"ALEX",2011,179152,13
"ALEX",2015,168178,13
"ALEX",2016,87643,13
"ALEX",2012,169181,13
"ALEX",2017,47931,13
"ALEX",2021,74248.6,13
"ALEX",2010,144968,13
"ALEX",2020,76420.1,13
"ALEX",2014,188545,13
"ALEX",2013,192695,13
"AMGN",2014,49618,13
"AMGN",2018,25065,13
"AMGN",2015,51503,13
"AMGN",2017,28149,13
"AMGN",2022,36979,13
"AMGN",2011,55163,13
"AMGN",2010,26422,13
"AMGN",2021,41580,13
"AMGN",2013,50646,13
"AMGN",2012,50560,13
"AMGN",2016,49630,13
"AMGN",2019,35994,13
"AMGN",2020,49617,13
"APD",2011,7932934,13
"APD",2013,8098553,13
"APD",2012,7845432,13
"APD",2010,859226,13
"APD",2014,8859206,13
"APD",2015,12466575,13
"APD",2020,11606326,13
"APD",2021,12455743,13
"APD",2016,12310104,13
"APD",2017,12445640,13
"APD",2022,13342140,13
"APD",2018,12523837,13
"APD",2019,12683849,13
"ASH",2014,196392,13
"ASH",2017,210892,13
"ASH",2018,228583,13
"ASH",2013,219170,13
"ASH",2022,219664,13
"ASH",2020,213049,13
"ASH",2021,232288,13
"ASH",2016,195590,13
"ASH",2011,319366,13
"ASH",2015,224843,13
"ASH",2012,237247,13
"ASH",2019,220769,13
"ASH",2010,219844,13
"ATI",2022,315910,13
"ATI",2021,300870,13
"ATI",2014,539205,13
"ATI",2019,416004,13
"ATI",2020,325869,13
"ATI",2010,440505,13
"ATI",2018,397203,13
"ATI",2017,354371,13
"ATI",2015,469047,13
"ATI",2016,342455,13
"ATI",2011,436989,13
"ATI",2012,469393,13
"ATI",2013,452517,13
"ATO",2019,936699,13
"ATO",2018,948566,13
"ATO",2011,854045,13
"ATO",2022,753166,13
"ATO",2021,754825,13
"ATO",2020,879256,13
"ATO",2017,934676,13
"ATO",2010,35045,13
"ATO",2012,925620,13
"ATO",2015,1137465,13
"ATO",2016,1209362,13
"ATO",2013,744518,13
"ATO",2014,708303,13
"AVA",2016,658369.5,13
"AVA",2017,606510,13
"AVA",2015,735358,13
"AVA",2011,308395,13
"AVA",2010,6268,13
"AVA",2014,567996.5,13
"AVA",2020,773306.62563,13
"AVA",2019,850478.5,13
"AVA",2012,481253,13
"AVA",2013,537775.5,13
"AVA",2022,796501.6979,13
"AVA",2021,800103.877,13
"AVA",2018,683556.5,13
"AWI",2011,234302,13
"AWI",2012,220262,13
"AWI",2010,127534,13
"AWI",2020,180373,13
"AWI",2019,192652,13
"AWI",2018,206880,13
"AWI",2013,209308,13
"AWI",2022,183624,13
"AWI",2021,184030,13
"AWI",2017,184998,13
"AWI",2016,188799,13
"AWI",2015,197877,13
"AWI",2014,204964,13
"BAK",2016,44725,13
"BAK",2013,48801,13
"BAK",2010,59666,13
"BAK",2014,44185,13
"BAK",2012,44182,13
"BAK",2011,50911,13
"BAK",2017,52127,13
"BAK",2015,45397,13
"BAK",2019,50446,13
"BAK",2018,50267,13
"BAK",2020,54292,13
"BAK",2021,70434,13
"BAK",2022,65552,13
"BF.B",2014,42791,13
"BF.B",2017,32373,13
"BF.B",2011,47727,13
"BF.B",2012,43578,13
"BF.B",2010,46217,13
"BF.B",2015,45737,13
"BF.B",2016,42269,13
"BF.B",2019,57438,13
"BF.B",2018,58824,13
"BF.B",2021,70601,13
"BF.B",2013,47951,13
"BF.B",2022,94437,13
"BF.B",2020,56994,13
"BMY",2014,125673,13
"BMY",2013,129360,13
"BMY",2012,118048,13
"BMY",2020,83475,13
"BMY",2017,121417,13
"BMY",2019,84260,13
"BMY",2018,110217,13
"BMY",2015,122001,13
"BMY",2010,67160,13
"BMY",2016,118298,13
"BMY",2022,91669,13
"BMY",2021,90193,13
"BMY",2011,123522,13
"BP",2014,14665537.346,13
"BP",2015,14957640.1253,13
"BP",2016,18065450.4837,13
"BP",2022,16034672.8073,13
"BP",2013,15527839.9746,13
"BP",2012,26823603.561,13
"BP",2010,24727581.1512,13
"BP",2019,16904353.0063996,13
"BP",2017,17364743.3517,13
"BP",2011,27001313.4012,13
"BP",2020,16110908.6147,13
"BP",2018,16856108.4946,13
"BP",2021,14397110.6735,13
"CAG",2010,327614,13
"CAG",2013,509017,13
"CAG",2012,515782,13
"CAG",2021,143520,13
"CAG",2020,140014,13
"CAG",2017,120982,13
"CAG",2011,512108,13
"CAG",2018,93500,13
"CAG",2015,552198,13
"CAG",2022,158390,13
"CAG",2019,123700,13
"CAG",2014,524517,13
"CAG",2016,198075,13
"CAT",2011,484402,13
"CAT",2014,577770,13
"CAT",2022,479805,13
"CAT",2021,471627,13
"CAT",2019,596463,13
"CAT",2017,575199,13
"CAT",2013,586191,13
"CAT",2012,584231,13
"CAT",2018,641042,13
"CAT",2016,519334,13
"CAT",2010,284997,13
"CAT",2020,459262,13
"CAT",2015,546156,13
"CBT",2022,827000,13
"CBT",2019,1151232,13
"CBT",2020,876653,13
"CBT",2016,1611868,13
"CBT",2014,920922,13
"CBT",2015,1702934,13
"CBT",2021,864821,13
"CBT",2017,1624067,13
"CBT",2011,1460463,13
"CBT",2018,1211672,13
"CBT",2013,1024861,13
"CBT",2010,5389,13
"CBT",2012,1782186,13
"CE",2014,1754834,13
"CE",2019,2100703,13
"CE",2015,1484523,13
"CE",2012,1717020,13
"CE",2011,1726313,13
"CE",2020,1918463,13
"CE",2018,1549686,13
"CE",2017,1475927,13
"CE",2021,1744939,13
"CE",2013,1729730,13
"CE",2010,831421,13
"CE",2016,1541784,13
"CE",2022,1735294,13
"CEIX",2015,6960802,13
"CEIX",2017,8822584,13
"CEIX",2021,5962429,13
"CEIX",2018,6949265,13
"CEIX",2022,5609156,13
"CEIX",2011,13471331,13
"CEIX",2016,7284839,13
"CEIX",2019,7831448,13
"CEIX",2013,6337653,13
"CEIX",2014,5542686.5,13
"CEIX",2020,6205521,13
"CEIX",2012,12622175,13
"CEIX",2010,180081,13
"CENX",2021,1645616,13
"CENX",2011,1737653.8021,13
"CENX",2014,1978601.95151,13
"CENX",2020,1796603,13
"CENX",2017,1043713,13
"CENX",2019,1404418,13
"CENX",2018,1319631,13
"CENX",2022,1390627,13
"CENX",2013,2021667.80446,13
"CENX",2012,1267993.48874,13
"CENX",2016,1179724,13
"CENX",2010,745253.5207,13
"CENX",2015,1771552,13
"CLF",2020,27234614,13
"CLF",2021,28753978.52,13
"CLF",2019,2194702,13
"CLF",2022,24977353.4,13
"CLF",2018,2449866,13
"CLF",2010,3186305.07,13
"CLF",2012,4593895.43,13
"CLF",2015,3490892.08,13
"CLF",2013,5000439.87,13
"CLF",2014,5249238.09,13
"CLF",2016,1934074.94,13
"CLF",2017,2449775,13
"CLF",2011,3729807.15,13
"CLW",2018,591265,13
"CLW",2017,661989,13
"CLW",2021,651039,13
"CLW",2019,680968,13
"CLW",2016,680311,13
"CLW",2015,625359,13
"CLW",2012,520556,13
"CLW",2020,722435,13
"CLW",2013,550199,13
"CLW",2010,431185,13
"CLW",2022,633619,13
"CLW",2014,560118,13
"CLW",2011,527692,13
"CMP",2020,156840,13
"CMP",2022,146612,13
"CMP",2021,145217,13
"CMP",2011,54358,13
"CMP",2018,144273,13
"CMP",2019,150019,13
"CMP",2013,145442,13
"CMP",2017,140052,13
"CMP",2016,139161,13
"CMP",2012,74703,13
"CMP",2014,160827,13
"CMP",2015,145981,13
"CMP",2010,51914,13
"CMS",2020,15600288.7581,13
"CMS",2021,18137320.0604,13
"CMS",2016,17350967.573,13
"CMS",2014,19133701.3059,13
"CMS",2019,17647856.2792,13
"CMS",2022,18282529.7604,13
"CMS",2010,21444429.5396,13
"CMS",2018,17288138.1188,13
"CMS",2012,19196094.1773,13
"CMS",2013,20227165.6225,13
"CMS",2017,16939771.4732,13
"CMS",2011,19465334.7827,13
"CMS",2015,21969052.2981,13
"CNP",2010,507942,13
"CNP",2011,2456681,13
"CNP",2021,6114180,13
"CNP",2018,414436,13
"CNP",2016,461894,13
"CNP",2015,464878,13
"CNP",2022,4800216,13
"CNP",2020,4095772,13
"CNP",2017,430852,13
"CNP",2014,463125,13
"CNP",2012,2522153,13
"CNP",2019,396922,13
"CNP",2013,2292539,13
"COP",2020,7857005.0786,13
"COP",2021,9610750.1884,13
"COP",2019,9219346.8342,13
"COP",2022,9476815.0118,13
"COP",2017,7269207.7722,13
"COP",2018,7979803.7414,13
"COP",2010,31071341.793,13
"COP",2015,10811746.7638,13
"COP",2014,12291565.3085,13
"COP",2011,40688838.551525,13
"COP",2016,10143259.9995,13
"COP",2013,14800946.1072,13
"COP",2012,17388987.8273,13
"CRS",2022,221376,13
"CRS",2015,230621,13
"CRS",2014,237420,13
"CRS",2020,198344,13
"CRS",2013,228442,13
"CRS",2019,256816,13
"CRS",2018,249235,13
"CRS",2010,152937,13
"CRS",2017,220771,13
"CRS",2016,227267,13
"CRS",2012,235152,13
"CRS",2021,211129,13
"CRS",2011,248699,13
"CTB",2021,41975,13
"CTB",2012,89558,13
"CTB",2020,108092,13
"CTB",2013,85287,13
"CTB",2011,87885,13
"CTB",2022,42171,13
"CTB",2018,94541,13
"CTB",2015,96026,13
"CTB",2019,114066,13
"CTB",2017,88875,13
"CTB",2016,95075,13
"CTB",2010,87045,13
"CTB",2014,92001,13
"CVI",2015,3604339,13
"CVI",2016,2150161,13
"CVI",2018,4654556,13
"CVI",2012,2088892,13
"CVI",2010,1234378,13
"CVI",2017,4771949,13
"CVI",2014,2644066,13
"CVI",2013,2607776,13
"CVI",2011,1894288,13
"CVI",2021,3379226,13
"CVI",2020,4117444,13
"CVI",2022,3072351,13
"CVI",2019,4699660,13
"CWST",2022,457404,13
"CWST",2020,450962,13
"CWST",2019,465575,13
"CWST",2017,400844,13
"CWST",2021,423281,13
"CWST",2018,424940,13
"CWST",2016,395016,13
"CWST",2013,342994,13
"CWST",2015,391871,13
"CWST",2014,364605,13
"CWST",2012,490818,13
"CWST",2011,563914,13
"CWST",2010,641787,13
"CX",2011,6210220.5,13
"CX",2020,6335709,13
"CX",2013,7281815,13
"CX",2018,7742908.25,13
"CX",2010,6697704.36,13
"CX",2012,6977360,13
"CX",2021,5981155,13
"CX",2022,5613035,13
"CX",2019,7577133.75,13
"CX",2016,8219362.25,13
"CX",2017,8018683.5,13
"CX",2014,7813875.75,13
"CX",2015,8656456.75,13
"DAL",2012,386461,13
"DAL",2016,1398973,13
"DAL",2020,1179682,13
"DAL",2015,1438536,13
"DAL",2022,1313654,13
"DAL",2021,1381265,13
"DAL",2017,1355969,13
"DAL",2014,1403041,13
"DAL",2019,1501650,13
"DAL",2018,1230173,13
"DAL",2013,1357111,13
"DAL",2011,47939,13
"DAL",2010,52304,13
"DCP",2015,2435901.182,13
"DCP",2017,9300864.13235,13
"DCP",2018,9843437.3615,13
"DCP",2016,2285585.453,13
"DCP",2010,224880.6,13
"DCP",2014,2248761.243,13
"DCP",2012,1592988.0943,13
"DCP",2013,1950032.739,13
"DCP",2022,7904389.5341224,13
"DCP",2020,8260385.8937476,13
"DCP",2019,8620592.4321,13
"DCP",2021,7689659.8323986,13
"DCP",2011,1312267.0872,13
"DD",2017,3595113,13
"DD",2010,9466741,13
"DD",2020,557988,13
"DD",2011,13540709,13
"DD",2022,192095,13
"DD",2018,3401187,13
"DD",2014,12883230,13
"DD",2013,12043478,13
"DD",2012,10813256,13
"DD",2021,391991,13
"DD",2019,1116804,13
"DD",2015,2554327,13
"DD",2016,2787669,13
"DE",2020,63014,13
"DE",2017,75589,13
"DE",2010,135294,13
"DE",2019,63353,13
"DE",2014,111224,13
"DE",2016,73244,13
"DE",2011,120702,13
"DE",2018,64230,13
"DE",2015,89567,13
"DE",2012,118092,13
"DE",2022,52119,13
"DE",2013,135398,13
"DE",2021,44662,13
"DK",2021,2338497,13
"DK",2022,2651344,13
"DK",2011,849650,13
"DK",2012,1079542,13
"DK",2014,1087987,13
"DK",2020,2190188,13
"DK",2018,1169529,13
"DK",2015,889674,13
"DK",2019,2459685,13
"DK",2010,455729,13
"DK",2016,970133,13
"DK",2013,998695,13
"DK",2017,1080870,13
"DOW",2022,16326746.98,13
"DOW",2014,75453,13
"DOW",2011,82203,13
"DOW",2012,79203,13
"DOW",2019,16409522.405,13
"DOW",2013,81091.5,13
"DOW",2010,126968.5,13
"DOW",2020,16840288.31,13
"DOW",2015,13461914.5,13
"DOW",2017,14713419.14,13
"DOW",2021,16819732.15,13
"DOW",2018,14864563.6225,13
"DOW",2016,14088332.84,13
"DTE",2010,38752299.929,13
"DTE",2019,30726461.537,13
"DTE",2018,34185350.083,13
"DTE",2017,31840053.432,13
"DTE",2016,31070263.324,13
"DTE",2015,35303907.6145,13
"DTE",2020,24576774.557,13
"DTE",2012,36348168.966,13
"DTE",2022,28056310.709,13
"DTE",2021,30645623.952,13
"DTE",2011,37985296.05,13
"DTE",2014,35586668.238,13
"DTE",2013,37851141.572,13
"DUK",2022,78319208.0561,13
"DUK",2020,75470659.9652,13
"DUK",2015,98975049.4058,13
"DUK",2021,78467996.2367,13
"DUK",2017,96334846.6208,13
"DUK",2019,85957552.4944,13
"DUK",2016,98735172.8617,13
"DUK",2010,81967514.676,13
"DUK",2018,97383344.6263,13
"DUK",2011,78012103.3116,13
"DUK",2012,115693205.7284,13
"DUK",2014,117546974.6492,13
"DUK",2013,117070601.5307,13
"DVN",2022,4615271.845,13
"DVN",2013,3484370.67,13
"DVN",2011,3885754.635,13
"DVN",2020,1960899.1825,13
"DVN",2014,2912988.3575,13
"DVN",2012,3792922.06,13
"DVN",2019,3033040.5675,13
"DVN",2010,920874.7,13
"DVN",2017,2806531.9425,13
"DVN",2021,3980888.065,13
"DVN",2016,2626426.0675,13
"DVN",2018,3158115.3225,13
"DVN",2015,4487735.745,13
"EAF",2011,253776,13
"EAF",2020,138028,13
"EAF",2010,207302,13
"EAF",2021,114122.09,13
"EAF",2018,113550,13
"EAF",2017,210599,13
"EAF",2014,296210,13
"EAF",2019,132388,13
"EAF",2022,101155,13
"EAF",2015,10888,13
"EAF",2013,225090,13
"EAF",2016,216862,13
"EAF",2012,180507,13
"ED",2012,3248703,13
"ED",2017,2904182,13
"ED",2022,2767956,13
"ED",2020,2659412,13
"ED",2021,2741623,13
"ED",2011,3355406,13
"ED",2019,2815753,13
"ED",2018,2963666,13
"ED",2014,3146417,13
"ED",2016,2984902,13
"ED",2015,3117192,13
"ED",2010,3236885,13
"ED",2013,3337760,13
"EE",2011,2652733.8818,13
"EE",2022,2532110,13
"EE",2010,1711544,13
"EE",2012,2794449.598,13
"EE",2019,2798670,13
"EE",2018,2733900.54,13
"EE",2021,2592743,13
"EE",2016,2024155.1241,13
"EE",2014,2757534.5022,13
"EE",2015,2863297.9384,13
"EE",2020,2642000,13
"EE",2017,2211950.0972,13
"EE",2013,2935276.8928,13
"EIX",2018,878974,13
"EIX",2020,1298081.203,13
"EIX",2022,1617363.5091,13
"EIX",2019,1313579.7677,13
"EIX",2011,41280351,13
"EIX",2014,2571236,13
"EIX",2013,27460770,13
"EIX",2015,2366595,13
"EIX",2017,1714024,13
"EIX",2016,2094434,13
"EIX",2012,36882224,13
"EIX",2010,44052896,13
"EIX",2021,915916.3688,13
"EMN",2022,6091692,13
"EMN",2020,6195164,13
"EMN",2021,6303701,13
"EMN",2019,6334830,13
"EMN",2014,7162528,13
"EMN",2012,7058433,13
"EMN",2017,6438911,13
"EMN",2016,7121104,13
"EMN",2010,6743175,13
"EMN",2018,6444444,13
"EMN",2015,7162584,13
"EMN",2013,7240750,13
"EMN",2011,7142673,13
"EOG",2010,271,13
"EOG",2011,3920341,13
"EOG",2017,4308041,13
"EOG",2012,4477650,13
"EOG",2018,5253039,13
"EOG",2019,5406621,13
"EOG",2022,5087934,13
"EOG",2021,4994343,13
"EOG",2015,5115566,13
"EOG",2014,6339999,13
"EOG",2020,4473308,13
"EOG",2016,3968200,13
"EOG",2013,5775114,13
"ETR",2022,40219776.6268,13
"ETR",2020,34603246.7233,13
"ETR",2011,37716743.4394,13
"ETR",2013,35856813.9686,13
"ETR",2018,37726616.9357,13
"ETR",2015,31951015.3829,13
"ETR",2021,37166687.6362,13
"ETR",2016,36192923.9586,13
"ETR",2019,36294212.9998,13
"ETR",2010,35044746.6998,13
"ETR",2012,36498801.0844,13
"ETR",2017,34623140.2838,13
"ETR",2014,34918290.744,13
"EXC",2019,8591252.8648,13
"EXC",2021,8012961,13
"EXC",2010,5988321.403,13
"EXC",2018,8698310,13
"EXC",2022,322678,13
"EXC",2013,12094093.6072,13
"EXC",2011,6144942.812,13
"EXC",2020,7882593.2434,13
"EXC",2017,9791283,13
"EXC",2012,13023725.0438,13
"EXC",2015,6827384,13
"EXC",2016,9045946,13
"EXC",2014,8845430.8097,13
"EXP",2019,3460129,13
"EXP",2020,4715057,13
"EXP",2013,1731021,13
"EXP",2017,3087031,13
"EXP",2014,1680861,13
"EXP",2012,1733661,13
"EXP",2018,3025449,13
"EXP",2015,2461054,13
"EXP",2021,5631022,13
"EXP",2011,1613361,13
"EXP",2016,2502261,13
"EXP",2010,1628930,13
"EXP",2022,5547687,13
"F",2014,763256,13
"F",2021,499181,13
"F",2013,724028,13
"F",2012,628684,13
"F",2016,649474,13
"F",2011,675740,13
"F",2022,559603,13
"F",2010,735276,13
"F",2020,481112,13
"F",2017,617190,13
"F",2019,633369,13
"F",2018,662691,13
"F",2015,687730,13
"FCX",2018,616132.44,13
"FCX",2015,1754955.1476,13
"FCX",2016,466587.7062,13
"FCX",2021,393889,13
"FCX",2017,393979.9548,13
"FCX",2010,444292.39,13
"FCX",2014,1631799.46,13
"FCX",2022,463665,13
"FCX",2011,685427.831,13
"FCX",2013,668381.705,13
"FCX",2020,429067.5,13
"FCX",2019,449827.68,13
"FCX",2012,634439.85,13
"FF",2014,191184,13
"FF",2012,160126,13
"FF",2013,171134,13
"FF",2010,149775,13
"FF",2011,147648,13
"FF",2018,165848,13
"FF",2017,158048,13
"FF",2020,165972,13
"FF",2015,175698,13
"FF",2019,167314,13
"FF",2022,154382,13
"FF",2016,164647,13
"FF",2021,152388,13
"FMS",2020,73194,13
"FMS",2015,59236,13
"FMS",2011,53606,13
"FMS",2022,67978,13
"FMS",2019,70464,13
"FMS",2016,64635,13
"FMS",2014,60118,13
"FMS",2012,54802,13
"FMS",2013,58993,13
"FMS",2018,68329,13
"FMS",2021,69746,13
"FMS",2010,48642,13
"FMS",2017,65501,13
"GE",2020,565669.56,13
"GE",2014,3413176.915,13
"GE",2011,6278106.61,13
"GE",2015,1794373.745,13
"GE",2017,1187761.726,13
"GE",2021,417639.75,13
"GE",2018,1091006.95,13
"GE",2013,4313718.825,13
"GE",2010,3397225,13
"GE",2016,1754402.117,13
"GE",2022,736569.25,13
"GE",2019,789684.12,13
"GE",2012,6742880.085,13
"GEF",2013,189593,13
"GEF",2014,195605,13
"GEF",2022,423796,13
"GEF",2020,455335,13
"GEF",2019,228323,13
"GEF",2015,179403,13
"GEF",2010,175203,13
"GEF",2016,194861,13
"GEF",2012,199365,13
"GEF",2011,199511,13
"GEF",2017,204928,13
"GEF",2018,222493,13
"GEF",2021,427500,13
"GEVO",2012,20053,13
"GEVO",2010,39679,13
"GEVO",2013,8321,13
"GEVO",2021,2212,13
"GEVO",2014,29169,13
"GEVO",2019,27128,13
"GEVO",2011,39011,13
"GEVO",2020,5563,13
"GEVO",2022,2275,13
"GEVO",2017,39921,13
"GEVO",2016,35119,13
"GEVO",2018,37588,13
"GEVO",2015,327,13
"GIS",2016,63196,13
"GIS",2011,92565,13
"GIS",2015,79302,13
"GIS",2014,87229,13
"GIS",2019,69236,13
"GIS",2021,73949,13
"GIS",2013,85265,13
"GIS",2010,55625,13
"GIS",2020,82545,13
"GIS",2017,42748,13
"GIS",2012,83843,13
"GIS",2022,79095,13
"GIS",2018,68813,13
"GLW",2022,217225.735,13
"GLW",2021,250202.83,13
"GLW",2019,210341.265,13
"GLW",2018,214239.8125,13
"GLW",2017,259206.81,13
"GLW",2020,238982.465,13
"GLW",2011,266166.5,13
"GLW",2016,215784.8,13
"GLW",2013,148496.5,13
"GLW",2014,166851,13
"GLW",2015,410619.5,13
"GLW",2010,269124.5,13
"GLW",2012,166350.5,13
"GM",2014,919921,13
"GM",2022,567993,13
"GM",2021,544976,13
"GM",2017,771134,13
"GM",2013,974583,13
"GM",2012,915394,13
"GM",2011,940682,13
"GM",2010,878524,13
"GM",2016,857986,13
"GM",2019,676788,13
"GM",2020,534440,13
"GM",2015,804295,13
"GM",2018,696776,13
"GPRE",2014,1415175,13
"GPRE",2018,1687877,13
"GPRE",2013,1213444,13
"GPRE",2012,1011268,13
"GPRE",2019,1316118,13
"GPRE",2020,1194855,13
"GPRE",2015,1502976,13
"GPRE",2011,1101430,13
"GPRE",2022,1371667,13
"GPRE",2021,1154532,13
"GPRE",2010,977416,13
"GPRE",2016,1932970,13
"GPRE",2017,1859071,13
"HAYN",2012,60444,13
"HAYN",2022,60029,13
"HAYN",2013,55407,13
"HAYN",2017,52958,13
"HAYN",2020,42165,13
"HAYN",2010,55875,13
"HAYN",2019,57318,13
"HAYN",2018,56959,13
"HAYN",2011,59547,13
"HAYN",2014,58923,13
"HAYN",2021,49960,13
"HAYN",2015,59471,13
"HAYN",2016,48959,13
"HES",2021,2283105.7421,13
"HES",2020,2975324.9668,13
"HES",2022,1972722.128,13
"HES",2017,2197549.0173,13
"HES",2012,2667965.5673,13
"HES",2016,2404856.2835,13
"HES",2018,2841642.0871,13
"HES",2011,1868621.7429,13
"HES",2013,1959737.6781,13
"HES",2019,3578172.8577,13
"HES",2014,2316623.1967,13
"HES",2015,2589774.6933,13
"HES",2010,265443.56,13
"HII",2021,83062,13
"HII",2012,125807,13
"HII",2011,83110,13
"HII",2017,55417,13
"HII",2013,96635,13
"HII",2016,94229,13
"HII",2014,78425,13
"HII",2020,58398,13
"HII",2022,71824,13
"HII",2018,57500,13
"HII",2010,78582,13
"HII",2015,81129,13
"HII",2019,55380,13
"HON",2017,741415,13
"HON",2018,867026,13
"HON",2016,670275,13
"HON",2015,2168021,13
"HON",2010,5231832,13
"HON",2020,700836,13
"HON",2013,2321343,13
"HON",2011,4991327,13
"HON",2021,690774,13
"HON",2019,730011,13
"HON",2022,557945,13
"HON",2014,2169109,13
"HON",2012,4494434,13
"HXL",2016,104502,13
"HXL",2015,90651,13
"HXL",2013,72531,13
"HXL",2011,66908,13
"HXL",2014,74291,13
"HXL",2018,134101,13
"HXL",2010,55876,13
"HXL",2022,141179,13
"HXL",2019,146968,13
"HXL",2017,116331,13
"HXL",2021,97017,13
"HXL",2020,88456,13
"HXL",2012,70490,13
"IDA",2017,953512,13
"IDA",2015,1588516.5,13
"IDA",2020,1583109.4,13
"IDA",2019,1773960,13
"IDA",2021,5613649.97,13
"IDA",2011,1009629,13
"IDA",2022,5509125.3,13
"IDA",2010,1475557.5,13
"IDA",2014,1780638.5,13
"IDA",2016,1219560.5,13
"IDA",2012,1042566,13
"IDA",2018,1329035.5,13
"IDA",2013,1872501.5,13
"IFF",2014,29881,13
"IFF",2018,38374,13
"IFF",2022,378029,13
"IFF",2011,28802,13
"IFF",2013,32072,13
"IFF",2015,38581,13
"IFF",2010,29612,13
"IFF",2012,29123,13
"IFF",2017,36739,13
"IFF",2016,40356,13
"IFF",2020,57249,13
"IFF",2019,36254,13
"IFF",2021,247480,13
"INTC",2016,877545.63,13
"INTC",2021,1188171,13
"INTC",2015,924538.84,13
"INTC",2014,1019457.79,13
"INTC",2018,944460.85,13
"INTC",2022,937635,13
"INTC",2020,1025059,13
"INTC",2012,794127.39,13
"INTC",2013,678407.21,13
"INTC",2017,831697.35,13
"INTC",2011,838204.44,13
"INTC",2019,779424,13
"INTC",2010,66500,13
"IP",2011,7064182,13
"IP",2010,6042024,13
"IP",2016,6574912,13
"IP",2017,5978236,13
"IP",2019,5910126,13
"IP",2015,6473483,13
"IP",2022,5306489,13
"IP",2012,7360379,13
"IP",2014,6372027,13
"IP",2018,5821275,13
"IP",2013,6878095,13
"IP",2020,6070993,13
"IP",2021,5738842,13
"KMI",2011,2053686.34,13
"KMI",2022,11405136.6676,13
"KMI",2012,1567059.49,13
"KMI",2014,1339886.13,13
"KMI",2016,10332707.68,13
"KMI",2019,11552543.88,13
"KMI",2013,1474624.24,13
"KMI",2018,10336894.58,13
"KMI",2021,11740151.1323,13
"KMI",2017,10334550.43,13
"KMI",2010,113180.69,13
"KMI",2015,8443733.72,13
"KMI",2020,12079898.43,13
"KOP",2016,72332,13
"KOP",2021,53067,13
"KOP",2018,74068,13
"KOP",2019,74553,13
"KOP",2010,58207,13
"KOP",2012,55496,13
"KOP",2014,74482,13
"KOP",2017,66652,13
"KOP",2013,66544,13
"KOP",2015,77891,13
"KOP",2011,62663,13
"KOP",2020,65317,13
"KOP",2022,46460,13
"L",2014,2127204,13
"L",2011,2606435,13
"L",2012,2804932,13
"L",2010,1134121,13
"L",2021,2646367,13
"L",2015,2172626,13
"L",2019,3296118,13
"L",2013,2615463,13
"L",2017,2821176,13
"L",2020,2571964,13
"L",2022,2140050,13
"L",2016,2430125,13
"L",2018,3140642,13
"LEG",2011,95474,13
"LEG",2013,94169,13
"LEG",2017,85892,13
"LEG",2012,93970,13
"LEG",2021,87896,13
"LEG",2010,97181,13
"LEG",2016,75175,13
"LEG",2019,82485,13
"LEG",2015,100329,13
"LEG",2014,90835,13
"LEG",2022,82950,13
"LEG",2018,87886,13
"LEG",2020,82946,13
"LMT",2018,122635,13
"LMT",2017,96420,13
"LMT",2013,83930,13
"LMT",2019,114740,13
"LMT",2020,114076,13
"LMT",2021,118085,13
"LMT",2016,118165,13
"LMT",2015,135388,13
"LMT",2010,76558,13
"LMT",2011,92161,13
"LMT",2012,83186,13
"LMT",2022,102743,13
"LMT",2014,81494,13
"LNT",2019,13316423.2138,13
"LNT",2021,14981640.5082,13
"LNT",2010,16312573.056,13
"LNT",2011,16637486.828,13
"LNT",2020,11815472.9964,13
"LNT",2016,13167015.7784,13
"LNT",2017,15007979.4696,13
"LNT",2018,15848352.0736,13
"LNT",2014,15053103.158,13
"LNT",2015,15200857.1788,13
"LNT",2022,12789213.1614,13
"LNT",2012,15346427.562,13
"LNT",2013,15809906.76,13
"LXS",2017,193991,13
"LXS",2022,361947.5,13
"LXS",2018,266969.5,13
"LXS",2010,150252,13
"LXS",2021,299986.5,13
"LXS",2019,337839,13
"LXS",2015,142711,13
"LXS",2016,144096,13
"LXS",2014,138581,13
"LXS",2020,328969,13
"LXS",2012,168892,13
"LXS",2013,155068,13
"LXS",2011,151126,13
"LXU",2011,1352970,13
"LXU",2013,687668,13
"LXU",2018,1967335,13
"LXU",2019,1771814,13
"LXU",2010,1209960,13
"LXU",2021,1858016,13
"LXU",2022,1879792,13
"LXU",2017,1914712,13
"LXU",2020,2054449,13
"LXU",2012,1071636,13
"LXU",2014,1064259,13
"LXU",2016,1502524,13
"LXU",2015,1390701,13
"LYB",2017,7601966.95,13
"LYB",2021,8339428,13
"LYB",2018,7830310.95,13
"LYB",2019,8031834,13
"LYB",2014,7371575,13
"LYB",2022,8261408.5,13
"LYB",2010,6885880.35,13
"LYB",2016,7154687.7,13
"LYB",2020,7760790,13
"LYB",2013,7407614,13
"LYB",2011,6893204,13
"LYB",2015,8166829.5,13
"LYB",2012,7206165,13
"MDU",2012,1892734.366,13
"MDU",2011,2247532.838,13
"MDU",2016,1604790.883,13
"MDU",2013,1816619.716,13
"MDU",2015,1443841.176,13
"MDU",2018,1738867.073,13
"MDU",2017,1581537.692,13
"MDU",2020,2170617.965,13
"MDU",2014,1948282.463,13
"MDU",2010,1781325.096,13
"MDU",2022,1546365.707,13
"MDU",2019,1757829.125,13
"MDU",2021,2249978.929,13
"MGEE",2015,1915948.38,13
"MGEE",2022,1519066.77,13
"MGEE",2014,1776687.18,13
"MGEE",2016,2148553.62,13
"MGEE",2019,2157548.7,13
"MGEE",2018,2435302.12,13
"MGEE",2010,317324.05,13
"MGEE",2021,1985195.57,13
"MGEE",2013,2091818.64,13
"MGEE",2012,2096398.54,13
"MGEE",2020,2086821.8,13
"MGEE",2017,2343213.98,13
"MGEE",2011,2104471.9,13
"MGM",2020,100926,13
"MGM",2016,134522,13
"MGM",2017,128443,13
"MGM",2011,130888,13
"MGM",2019,138029,13
"MGM",2010,129747,13
"MGM",2014,130349,13
"MGM",2021,112944,13
"MGM",2012,127727,13
"MGM",2015,132200,13
"MGM",2022,113634,13
"MGM",2018,130246,13
"MGM",2013,133938,13
"MGPI",2019,218317,13
"MGPI",2015,262513.4,13
"MGPI",2014,254023.3,13
"MGPI",2022,227379,13
"MGPI",2016,241102.8,13
"MGPI",2010,71421.5,13
"MGPI",2013,277263.5,13
"MGPI",2020,215161,13
"MGPI",2018,72969,13
"MGPI",2012,273862.4,13
"MGPI",2021,188078,13
"MGPI",2017,204868,13
"MGPI",2011,308753.7,13
"MHK",2018,344795,13
"MHK",2012,214641,13
"MHK",2016,352063,13
"MHK",2022,297304,13
"MHK",2013,220251,13
"MHK",2020,330412,13
"MHK",2011,226775,13
"MHK",2021,333019,13
"MHK",2017,401538,13
"MHK",2010,48064,13
"MHK",2015,348078,13
"MHK",2019,337740,13
"MHK",2014,221103,13
"MLM",2015,2694525,13
"MLM",2014,3984549,13
"MLM",2010,1203827,13
"MLM",2011,1176998,13
"MLM",2016,3858006,13
"MLM",2017,3729107,13
"MLM",2013,1537712,13
"MLM",2020,3928503,13
"MLM",2022,4635379,13
"MLM",2021,5198634,13
"MLM",2018,3763181,13
"MLM",2012,1178297,13
"MLM",2019,3939577,13
"MMLP",2020,51636,13
"MMLP",2011,71507,13
"MMLP",2019,42123,13
"MMLP",2017,37771,13
"MMLP",2012,60191,13
"MMLP",2010,29918.5,13
"MMLP",2022,54069,13
"MMLP",2018,323581,13
"MMLP",2016,35556,13
"MMLP",2021,54975,13
"MMLP",2014,71480,13
"MMLP",2015,62704,13
"MMLP",2013,76130,13
"MMM",2019,1212019,13
"MMM",2014,1626223,13
"MMM",2015,1244912,13
"MMM",2016,1041918,13
"MMM",2012,1850376,13
"MMM",2020,1066631,13
"MMM",2021,1113368,13
"MMM",2011,1780005,13
"MMM",2018,1166836,13
"MMM",2013,2683000,13
"MMM",2017,1071429,13
"MMM",2010,427278,13
"MMM",2022,1034538,13
"MO",2010,183880,13
"MO",2014,120871,13
"MO",2011,198995,13
"MO",2019,87832,13
"MO",2013,203190,13
"MO",2017,91423,13
"MO",2021,75329,13
"MO",2012,221465,13
"MO",2018,92514,13
"MO",2022,72568,13
"MO",2015,110806,13
"MO",2016,93324,13
"MO",2020,76442,13
"MPC",2020,27460729.38,13
"MPC",2019,32097929.68,13
"MPC",2012,9698586.31,13
"MPC",2013,17065110.05,13
"MPC",2011,9725254.48,13
"MPC",2016,17345048.8641,13
"MPC",2022,29191284.02,13
"MPC",2014,17161219.71,13
"MPC",2015,20228334.8808,13
"MPC",2010,9237981,13
"MPC",2017,17338077.329,13
"MPC",2018,28727525.718,13
"MPC",2021,28235100.04,13
"MPLX",2019,4529180.4,13
"MPLX",2011,1408258.2,13
"MPLX",2010,857676,13
"MPLX",2015,35164.8,13
"MPLX",2018,4217961.6,13
"MPLX",2014,2177887.2,13
"MPLX",2022,4335487.6,13
"MPLX",2012,1404222.8,13
"MPLX",2013,1704847.8,13
"MPLX",2017,4053446.8,13
"MPLX",2021,4298718.2,13
"MPLX",2016,3882216.4,13
"MPLX",2020,4396737,13
"MRK",2021,373975,13
"MRK",2010,227261,13
"MRK",2011,496625,13
"MRK",2012,483371,13
"MRK",2020,365666,13
"MRK",2014,455216,13
"MRK",2015,429139,13
"MRK",2013,480915,13
"MRK",2019,368933,13
"MRK",2018,410727,13
"MRK",2016,387102,13
"MRK",2017,379127,13
"MRK",2022,374799,13
"MRO",2021,2933078.39,13
"MRO",2013,2199647.12,13
"MRO",2020,3751143.14,13
"MRO",2017,2667613.39,13
"MRO",2014,2320457.02,13
"MRO",2012,2275558.1,13
"MRO",2011,2244316.78,13
"MRO",2015,2321151.93,13
"MRO",2016,1807682.31,13
"MRO",2019,5811447.93,13
"MRO",2018,4138001.1,13
"MRO",2010,152051.436,13
"MRO",2022,2873322.91,13
"MTX",2011,150593,13
"MTX",2015,233513,13
"MTX",2016,193730,13
"MTX",2019,206067,13
"MTX",2020,180299,13
"MTX",2010,170290,13
"MTX",2021,190196,13
"MTX",2022,185807,13
"MTX",2017,213472,13
"MTX",2018,228823,13
"MTX",2013,126726,13
"MTX",2014,237686,13
"MTX",2012,108858,13
"MU",2014,542526.21,13
"MU",2015,517691.16,13
"MU",2017,510000.65,13
"MU",2018,516854.15,13
"MU",2019,649697,13
"MU",2016,552045.37,13
"MU",2021,311443,13
"MU",2022,325148,13
"MU",2010,33715,13
"MU",2020,576747,13
"MU",2012,612018.61,13
"MU",2013,611990.79,13
"MU",2011,641022.56,13
"SJM",2016,24087,13
"SJM",2017,22487,13
"SJM",2019,23912,13
"SJM",2020,23381,13
"SJM",2021,24395,13
"SJM",2018,23007,13
"SJM",2010,31310,13
"SJM",2011,24803,13
"SJM",2012,23772,13
"SJM",2022,22251,13
"SJM",2013,24957,13
"SJM",2014,25380,13
"SJM",2015,26479,13
"UFS",2013,1158434,13
"UFS",2014,1005503,13
"UFS",2015,1676799,13
"UFS",2016,1606884,13
"UFS",2017,1375928,13
"UFS",2018,1465041,13
"UFS",2019,1511208,13
"UFS",2020,1329776,13
"UFS",2021,1371937,13
"UFS",2022,1359736,13
"UFS",2010,1383648,13
"UFS",2011,1316592,13
"UFS",2012,1314266,13
"XOM",2010,34506067.6976,13
"XOM",2011,39947518.4001,13
"XOM",2012,43209316.9726,13
"XOM",2013,52623056.7339,13
"XOM",2014,43037985.6953,13
"XOM",2015,42057771.8505,13
"XOM",2016,41260118.801,13
"XOM",2017,41148800.349099,13
"XOM",2018,41736586.846694,13
"XOM",2019,42668259.8744925,13
"XOM",2020,41402099.253845,13
"XOM",2021,42178050.0005,13
"XOM",2022,42310850.6406,13
